x1 = 0.120162
x2 = 0.400347
x3 = 0.238013
